1:ItNr	2:Metric	3a:Time	3b:StepSize	4:||Gradient||	Time[ms]
0	-0.484511	0.000000	18.226121	0.004991	3267.3
1	-0.493697	0.000000	18.226121	0.005461	4.7
2	-0.485895	0.000000	18.226121	0.004992	4.4
3	-0.484907	0.999999	17.397661	0.007321	4.1
4	-0.489128	1.510872	17.002830	0.004793	4.1
5	-0.481491	0.584251	17.732769	0.002888	4.2
6	-0.489827	1.584160	16.947654	0.004129	4.1
7	-0.493041	0.660164	17.670620	0.004407	4.0
8	-0.487023	1.660127	16.890838	0.003838	4.2
9	-0.483536	0.793741	17.562314	0.005424	4.1
10	-0.505022	1.791537	16.793450	0.004666	4.1
11	-0.501156	2.791383	16.087696	0.008040	4.3
12	-0.485410	3.791383	15.438773	0.007742	4.2
13	-0.483976	4.791383	14.840171	0.007997	4.1
14	-0.497588	5.791240	14.286331	0.007407	4.4
15	-0.478407	6.791239	13.772273	0.005469	4.2
16	-0.490388	7.791239	13.293923	0.007911	4.1
17	-0.483316	8.791239	12.847687	0.005729	4.2
18	-0.479263	7.864617	13.260128	0.008434	4.0
19	-0.491819	8.864544	12.816152	0.005608	4.2
20	-0.488212	9.768660	12.439558	0.005662	4.2
21	-0.480396	10.025214	12.336693	0.005198	4.1
22	-0.478585	9.098592	12.716493	0.004841	4.1
23	-0.481384	8.171971	13.120421	0.005969	4.2
24	-0.490703	9.085508	12.722023	0.004914	4.1
25	-0.491655	8.221318	13.098264	0.003258	4.1
26	-0.491656	9.216746	12.666769	0.004013	4.2
27	-0.484578	9.163029	12.689327	0.009428	4.0
28	-0.489908	10.163004	12.282145	0.006304	4.2
29	-0.470276	9.947737	12.367577	0.003133	4.1
30	-0.476423	10.943579	11.982018	0.005172	4.1
31	-0.476703	11.943088	11.618478	0.005472	4.1
32	-0.486326	12.368719	11.470279	0.004406	4.2
33	-0.483507	11.707794	11.702059	0.006667	4.2
34	-0.492493	11.697523	11.705735	0.004720	4.2
35	-0.482485	12.697523	11.358358	0.007533	4.2
36	-0.485076	11.771763	11.679217	0.005400	4.1
37	-0.497105	12.771763	11.333389	0.007183	4.2
38	-0.503970	13.771763	11.007453	0.003588	4.2
39	-0.500489	13.942521	10.953661	0.004331	4.2
40	-0.485116	14.616029	10.746525	0.005170	4.2
41	-0.493940	15.615960	10.453052	0.004262	4.2
42	-0.474310	14.719196	10.715486	0.006762	4.2
43	-0.482324	15.704779	10.427757	0.008041	4.3
44	-0.486144	16.704703	10.151215	0.006976	4.1
45	-0.488573	17.504800	9.940281	0.003339	4.2
46	-0.484343	17.652433	9.902314	0.004216	4.3
47	-0.486904	18.652389	9.652597	0.004489	4.1
48	-0.489947	17.725781	9.883559	0.004753	4.1
49	-0.486568	18.725779	9.634765	0.006068	4.3
50	-0.504423	17.799158	9.864867	0.005611	4.1
51	-0.495615	18.799158	9.617001	0.004217	4.1
52	-0.488859	19.729908	9.397235	0.004729	4.3
53	-0.482317	19.440752	9.464427	0.005145	4.1
54	-0.498452	18.514130	9.686371	0.004427	4.2
55	-0.485008	17.587648	9.918939	0.005252	4.6
56	-0.483089	18.587273	9.668474	0.004778	4.7
57	-0.482634	18.566759	9.673487	0.005224	4.3
58	-0.488640	17.640137	9.905465	0.007640	4.8
59	-0.493510	16.865728	10.108046	0.006567	4.3
60	-0.479889	15.939106	10.361608	0.003731	4.6
61	-0.495547	15.015352	10.627372	0.006989	4.3
62	-0.469458	16.014805	10.340417	0.007108	4.8
63	-0.493492	16.968460	10.080697	0.004174	4.2
64	-0.488861	17.968460	9.822008	0.005497	4.8
65	-0.483077	17.189493	10.022352	0.003894	4.3
66	-0.498981	16.558331	10.190776	0.011350	4.5
67	-0.492812	15.631712	10.448557	0.003929	4.5
68	-0.491853	14.705778	10.719512	0.004901	4.8
69	-0.479200	15.703510	10.428118	0.005405	4.3
70	-0.471842	14.776888	10.698206	0.005050	4.4
71	-0.487741	14.073810	10.912659	0.007074	4.2
72	-0.500289	15.073810	10.610150	0.003745	4.3
73	-0.487141	16.073152	10.324143	0.005571	4.2
74	-0.476305	17.072824	10.053064	0.007088	4.6
75	-0.489170	16.147317	10.303531	0.009070	4.5
76	-0.501924	17.147317	10.033432	0.005819	4.2
77	-0.489779	18.147317	9.777133	0.003880	4.3
78	-0.506850	17.220696	10.014170	0.003357	4.3
79	-0.488681	16.294911	10.262755	0.003279	4.5
80	-0.487691	15.369042	10.524020	0.004413	4.1
81	-0.481726	16.365009	10.243502	0.004020	4.1
82	-0.481086	15.465542	10.496170	0.003813	4.1
83	-0.476928	15.987799	10.347967	0.005508	4.1
84	-0.486990	16.987289	10.075700	0.003963	4.1
85	-0.490444	16.383309	10.238487	0.006805	4.1
86	-0.484682	15.463959	10.496626	0.005597	4.0
87	-0.487271	14.537337	10.770321	0.002838	4.1
88	-0.486039	15.537053	10.475627	0.003132	4.1
89	-0.484969	16.341512	10.249947	0.004474	4.1
90	-0.498379	15.426201	10.507506	0.004586	4.0
91	-0.475058	15.920131	10.366933	0.004788	4.0
92	-0.491999	16.910260	10.096173	0.005926	4.0
93	-0.492544	17.910189	9.836717	0.005473	4.0
94	-0.491409	16.983798	10.076626	0.004299	4.0
95	-0.475634	16.057183	10.328592	0.005152	4.1
96	-0.486998	16.978895	10.077927	0.004222	4.1
97	-0.477995	17.977624	9.819699	0.002894	4.1
98	-0.491560	18.168270	9.771903	0.007532	4.0
99	-0.491002	19.167616	9.528784	0.003327	4.1
100	-0.475943	18.241046	9.753780	0.007603	4.2
101	-0.477845	17.314509	9.989650	0.005695	4.3
102	-0.483394	16.387887	10.237234	0.006907	4.4
103	-0.482144	17.387478	9.970661	0.005418	4.1
104	-0.481164	18.334707	9.730555	0.005414	4.2
105	-0.475385	17.411942	9.964311	0.005212	4.3
106	-0.494651	16.485320	10.210625	0.004957	4.6
107	-0.479618	16.106017	10.314999	0.007268	4.3
108	-0.497087	15.203373	10.572179	0.003881	4.1
109	-0.487389	14.276885	10.849839	0.010030	4.2
110	-0.498007	15.193858	10.574958	0.005984	4.2
111	-0.491531	14.436945	10.800833	0.008315	4.4
112	-0.488269	15.417642	10.509976	0.004299	4.4
113	-0.494281	16.417642	10.229093	0.005079	4.5
114	-0.483722	17.336049	9.984037	0.004561	4.1
115	-0.487336	17.320360	9.988125	0.005881	4.1
116	-0.485154	16.393738	10.235632	0.006729	4.2
117	-0.487069	15.467324	10.495657	0.006957	4.4
118	-0.489673	16.467319	10.215530	0.005726	5.2
119	-0.481407	17.458947	9.952132	0.006364	5.1
120	-0.479610	17.793550	9.866293	0.005910	4.4
121	-0.484681	17.104407	10.044731	0.003651	4.3
122	-0.470471	16.177796	10.295084	0.004668	4.4
123	-0.482788	15.295095	10.545461	0.003153	4.7
124	-0.483586	14.628931	10.742633	0.004847	4.5
125	-0.496997	13.724063	11.022573	0.003886	4.2
126	-0.466106	14.679168	10.727507	0.006234	4.6
127	-0.495058	15.369172	10.523982	0.005355	4.2
128	-0.482978	14.442550	10.799125	0.005577	4.2
129	-0.481761	13.515970	11.089027	0.005212	4.1
130	-0.494195	14.515948	10.776807	0.006022	4.1
131	-0.489875	13.745177	11.015875	0.005139	4.1
132	-0.481996	12.818560	11.317707	0.005998	4.1
133	-0.484136	13.818560	10.992658	0.005579	4.0
134	-0.485090	14.818559	10.685760	0.004955	4.0
135	-0.487232	14.055932	10.918224	0.005507	4.1
136	-0.483612	15.055932	10.615411	0.004398	4.1
137	-0.487032	16.055655	10.329018	0.006598	4.1
138	-0.490737	15.129048	10.593928	0.004559	4.1
139	-0.476093	14.202435	10.872786	0.003222	4.5
140	-0.503412	13.276686	11.166439	0.006832	4.3
141	-0.485843	12.350064	11.476695	0.010376	4.3
142	-0.499637	13.350064	11.142586	0.004280	4.4
143	-0.486594	14.350053	10.827382	0.004764	4.4
144	-0.488694	15.315352	10.539579	0.007225	4.8
145	-0.494863	14.388730	10.815549	0.007059	4.2
146	-0.490137	13.462108	11.106359	0.008665	4.5
147	-0.496322	14.453425	10.795813	0.003802	4.7
148	-0.486039	13.530114	11.084485	0.004606	4.7
149	-0.494773	12.609538	11.388093	0.004904	4.5
150	-0.475914	13.578615	11.068938	0.004541	4.2
151	-0.477498	14.565186	10.761888	0.007094	4.1
152	-0.486152	15.565185	10.467567	0.006590	4.3
153	-0.496578	16.563640	10.189336	0.004554	4.2
154	-0.492674	15.638158	10.446719	0.005037	4.5
155	-0.476381	16.638158	10.169162	0.008349	4.6
156	-0.486367	15.851602	10.386212	0.004424	4.2
157	-0.475145	14.924980	10.654106	0.006730	4.4
158	-0.493401	13.998358	10.936185	0.005118	4.2
159	-0.475592	13.340295	11.145756	0.004952	4.8
160	-0.476770	14.340294	10.830372	0.004180	6.3
161	-0.485893	13.723137	11.022867	0.003288	5.6
162	-0.490618	14.657622	10.733989	0.006502	4.5
163	-0.501304	15.614881	10.453360	0.006053	4.7
164	-0.476365	14.689054	10.724536	0.003335	4.3
165	-0.483757	13.769070	11.008305	0.008078	4.7
166	-0.473220	12.842449	11.309717	0.004369	4.8
167	-0.478447	11.915827	11.628100	0.002881	4.2
168	-0.482696	11.012338	11.956282	0.004660	4.5
169	-0.481380	11.931367	11.622613	0.003549	4.5
170	-0.486077	11.928836	11.623506	0.008767	4.5
171	-0.484356	12.928836	11.280921	0.004820	4.3
172	-0.489283	12.002226	11.597658	0.003014	4.1
173	-0.493633	12.761353	11.336884	0.004409	4.1
174	-0.470154	11.950002	11.616040	0.005558	4.2
175	-0.484408	11.353142	11.830336	0.005417	4.1
176	-0.470892	12.353142	11.475637	0.006089	4.1
177	-0.495009	13.349828	11.142662	0.005448	4.1
178	-0.481359	12.453074	11.441356	0.005336	4.1
179	-0.482212	13.453063	11.109274	0.006839	4.7
180	-0.493380	14.453059	10.795924	0.004707	5.9
181	-0.483157	13.526474	11.085654	0.003547	5.0
182	-0.469749	14.020143	10.929382	0.005714	4.2
183	-0.485758	14.745918	10.707475	0.006150	4.1
184	-0.501361	15.745918	10.416083	0.010090	4.1
185	-0.483941	16.745918	10.140130	0.004961	4.2
186	-0.484754	17.745916	9.878423	0.002596	4.2
187	-0.476890	16.829199	10.117807	0.004235	4.2
188	-0.486732	17.819069	9.859807	0.004147	4.1
189	-0.483365	16.900647	10.098733	0.004166	4.1
190	-0.481220	15.974781	10.351611	0.005351	4.3
191	-0.491651	15.048815	10.617507	0.002169	4.4
192	-0.490673	14.604670	10.749953	0.003789	4.5
193	-0.484296	13.701966	11.029592	0.005613	4.3
194	-0.473786	14.701594	10.720769	0.003963	4.6
195	-0.485755	15.701594	10.428662	0.003966	4.2
196	-0.496051	16.244880	10.276541	0.002753	4.6
197	-0.491398	15.500716	10.486055	0.002992	4.7
198	-0.489864	16.452203	10.219653	0.004309	4.2
199	-0.494792	15.986025	10.348463	0.004723	4.5
200	-0.478640	15.059403	10.614389	0.003908	4.4
201	-0.489372	14.132946	10.894291	0.006203	4.3
202	-0.490423	13.571603	11.071183	0.003395	4.2
203	-0.487227	12.672050	11.366951	0.008230	4.2
204	-0.499095	11.842666	11.654003	0.003949	4.6
205	-0.489436	12.341833	11.479529	0.004541	4.6
206	-0.498653	11.449774	11.795106	0.004707	4.5
207	-0.490092	10.523229	12.141794	0.004179	4.3
208	-0.495544	11.523213	11.768472	0.003654	4.7
209	-0.486511	11.134555	11.910809	0.006496	4.1
210	-0.496165	12.134551	11.551342	0.006279	4.3
211	-0.487160	11.207929	11.883674	0.005540	4.5
212	-0.480705	12.202273	11.527781	0.007483	4.1
213	-0.497769	13.202256	11.190739	0.007203	4.6
214	-0.482339	14.202155	10.872872	0.004670	4.4
215	-0.469982	13.372809	11.135212	0.006244	4.4
216	-0.499860	14.178493	10.880185	0.007069	4.4
217	-0.476882	15.178493	10.579449	0.006617	4.1
218	-0.494370	14.251871	10.857538	0.004716	4.2
219	-0.487857	15.250853	10.558332	0.005973	4.1
220	-0.480096	16.250853	10.274893	0.006831	4.2
221	-0.481600	15.324239	10.537001	0.004969	4.2
222	-0.492670	14.397621	10.812832	0.005943	4.3
223	-0.489722	14.880230	10.667394	0.006095	4.2
224	-0.482149	15.878905	10.378522	0.005246	4.1
225	-0.487051	16.878880	10.104537	0.008251	4.1
226	-0.476086	17.878880	9.844639	0.005455	4.2
227	-0.487143	18.607106	9.663633	0.008142	4.1
228	-0.490893	19.607102	9.425655	0.003347	4.1
229	-0.484627	18.684232	9.644852	0.007083	4.1
230	-0.488090	17.987815	9.817132	0.004632	4.1
231	-0.471056	17.061258	10.056119	0.005851	4.0
232	-0.483511	16.182181	10.293870	0.004483	4.1
233	-0.492948	15.255563	10.556960	0.006403	4.2
234	-0.489557	14.328943	10.833852	0.006331	4.1
235	-0.487905	13.402416	11.125629	0.006904	4.0
236	-0.504985	12.475803	11.433588	0.004788	4.1
237	-0.477580	11.549189	11.759080	0.008085	4.1
238	-0.481038	10.622570	12.103651	0.004041	4.2
239	-0.488243	9.696476	12.468810	0.009016	4.5
240	-0.487593	10.629897	12.100847	0.003235	4.7
241	-0.480496	11.607378	11.738096	0.006944	4.4
242	-0.491711	10.681800	12.081022	0.010772	4.6
243	-0.485207	11.681796	11.711368	0.003510	5.1
244	-0.507272	12.681796	11.363662	0.004190	4.4
245	-0.485081	12.950012	11.273885	0.006246	4.6
246	-0.491526	12.064039	11.575976	0.004936	4.7
247	-0.498321	11.137417	11.909748	0.005096	4.2
248	-0.482973	12.137416	11.550343	0.007343	4.6
249	-0.485182	11.210810	11.882611	0.005410	4.7
250	-0.484241	10.284188	12.234568	0.004744	4.6
251	-0.492581	9.357566	12.608011	0.003214	4.3
252	-0.475355	8.432929	13.004092	0.007936	4.4
253	-0.479349	7.507259	13.426353	0.005569	4.6
254	-0.482991	8.462419	12.991076	0.004333	4.3
255	-0.503115	8.322023	13.053278	0.003873	4.4
256	-0.489805	9.226360	12.662740	0.006795	4.6
257	-0.477384	10.112464	12.302097	0.005142	4.1
258	-0.498860	11.112464	11.919002	0.006262	4.4
259	-0.495330	10.185849	12.273148	0.003049	4.8
260	-0.485523	9.476415	12.558844	0.005173	4.8
261	-0.490466	8.777563	12.853588	0.007694	4.7
262	-0.467250	9.777563	12.435960	0.006065	4.1
263	-0.496291	10.777563	12.044616	0.003783	4.1
264	-0.477108	11.685255	11.710128	0.003981	4.1
265	-0.488635	12.684619	11.362709	0.007149	4.1
266	-0.475645	11.764892	11.681666	0.005742	4.1
267	-0.481681	12.764892	11.335695	0.004565	4.1
268	-0.486114	11.839700	11.655055	0.005372	4.0
269	-0.478579	12.839699	11.310637	0.004702	4.0
270	-0.478340	13.839688	10.985992	0.005450	4.1
271	-0.500575	14.836626	10.680373	0.007857	4.0
272	-0.492179	15.836626	10.390434	0.005137	4.0
273	-0.482259	14.910466	10.658412	0.004183	4.0
274	-0.477839	13.983900	10.940705	0.004544	4.0
275	-0.484489	13.063845	11.236210	0.008018	4.1
276	-0.490196	12.746678	11.341814	0.003960	4.1
277	-0.483187	13.744993	11.015933	0.006942	4.3
278	-0.485686	14.744987	10.707754	0.002813	4.3
279	-0.481373	14.074417	10.912470	0.009500	4.4
280	-0.483317	13.168307	11.201858	0.004084	4.2
281	-0.477437	14.168307	10.883337	0.003779	4.2
282	-0.473347	13.265084	11.170220	0.005920	4.2
283	-0.482718	13.988083	10.939397	0.004703	4.2
284	-0.484296	13.061566	11.236962	0.004428	4.5
285	-0.473930	12.375875	11.467820	0.008055	4.6
286	-0.486819	13.375852	11.134227	0.004253	4.5
287	-0.495815	14.375662	10.819544	0.002543	4.4
288	-0.476208	15.350439	10.529406	0.003709	4.7
289	-0.492850	16.328235	10.253593	0.004010	4.3
290	-0.474186	17.327899	9.986160	0.005369	4.6
291	-0.495921	16.434157	10.224580	0.007268	4.6
292	-0.491470	15.507535	10.484097	0.003391	5.0
293	-0.486298	14.582084	10.756777	0.005446	5.0
294	-0.496426	15.570831	10.465951	0.004883	5.9
295	-0.475541	14.644209	10.738028	0.004175	5.0
296	-0.493016	15.644083	10.445030	0.005325	5.0
297	-0.476358	15.583299	10.462384	0.004919	4.3
298	-0.491916	14.656685	10.734271	0.003771	4.2
299	-0.489600	15.633645	10.448006	0.004601	4.2
300	-0.475546	14.714219	10.716979	0.003618	4.6
301	-0.482327	13.793472	11.000585	0.004341	5.0
302	-0.491366	14.792581	10.693516	0.005937	4.7
303	-0.471361	14.078447	10.911217	0.008477	4.6
304	-0.486180	13.151825	11.207264	0.004163	4.9
305	-0.500223	13.668217	11.040329	0.003390	5.0
306	-0.482559	12.744336	11.342601	0.003149	4.7
307	-0.474547	12.187968	11.532750	0.003075	5.0
308	-0.495201	11.273229	11.859629	0.008375	4.6
309	-0.486036	12.256721	11.508908	0.007884	4.6
310	-0.497883	13.199713	11.191571	0.008787	4.3
311	-0.474854	12.273091	11.503245	0.005397	4.4
312	-0.489564	13.037686	11.244846	0.004276	4.2
313	-0.479140	13.575407	11.069965	0.008537	4.1
314	-0.478670	14.575344	10.758815	0.004121	4.0
315	-0.476303	13.648722	11.046541	0.005446	4.1
316	-0.494396	14.240429	10.861063	0.007397	4.1
317	-0.479122	13.313886	11.154334	0.006216	4.0
318	-0.481112	14.307189	10.840527	0.004058	4.0
319	-0.488440	13.431179	11.116335	0.006944	4.1
320	-0.489327	12.517792	11.419264	0.004100	4.0
321	-0.495011	13.517792	11.088442	0.005720	4.0
322	-0.501159	12.775332	11.332192	0.007102	4.0
323	-0.484657	11.849966	11.651413	0.003366	4.1
324	-0.479069	12.849342	11.307414	0.006533	4.1
325	-0.468055	13.848469	10.983224	0.004340	4.1
326	-0.494650	14.848469	10.676844	0.003754	4.1
327	-0.485098	13.956023	10.949430	0.007166	4.2
328	-0.495870	14.949655	10.646793	0.007009	4.7
329	-0.482101	14.023033	10.928481	0.005111	4.3
330	-0.509311	13.096411	11.225479	0.004058	4.9
331	-0.470359	14.094342	10.906275	0.003621	4.8
332	-0.502106	13.168529	11.201785	0.005135	5.2
333	-0.493019	13.243730	11.177186	0.005005	4.9
334	-0.482855	14.243649	10.860071	0.005601	4.6
335	-0.483421	13.317027	11.153313	0.004341	4.9
336	-0.483865	12.880119	11.297143	0.009051	4.4
337	-0.488759	13.779002	11.005161	0.004401	4.8
338	-0.477207	12.852404	11.306391	0.006099	4.9
339	-0.478806	13.852404	10.981984	0.004474	4.3
340	-0.484073	12.983432	11.262798	0.004822	4.5
341	-0.480812	12.242113	11.513965	0.003851	4.3
342	-0.491748	12.343942	11.478803	0.008974	4.7
343	-0.484700	13.343942	11.144572	0.006425	4.6
344	-0.503227	12.417320	11.453598	0.007042	4.9
345	-0.483576	11.490698	11.780250	0.004296	4.7
346	-0.481438	10.591035	12.115733	0.005729	4.5
347	-0.488879	11.590994	11.743997	0.005081	4.4
348	-0.489347	10.664487	12.087628	0.009450	4.6
349	-0.494833	9.737865	12.452021	0.007271	4.2
350	-0.481523	10.737865	12.059681	0.004798	4.4
351	-0.485604	9.811243	12.422366	0.005136	4.5
352	-0.481203	10.811243	12.031863	0.005698	4.1
353	-0.490182	11.795825	11.670648	0.005572	4.5
354	-0.486859	12.795808	11.325326	0.004303	4.1
355	-0.477841	11.869252	11.644577	0.004525	4.0
356	-0.477857	11.181278	11.893516	0.008438	4.2
357	-0.483590	10.463032	12.165024	0.006938	4.3
358	-0.487565	9.536410	12.534169	0.004079	4.3
359	-0.481753	8.774547	12.854890	0.003097	4.1
360	-0.493887	9.771337	12.438476	0.006241	4.1
361	-0.492008	10.763145	12.050083	0.006558	4.3
362	-0.486923	9.836523	12.412182	0.005438	4.5
363	-0.490340	8.910025	12.796664	0.004241	4.3
364	-0.494811	7.985249	13.204942	0.006725	4.2
365	-0.487779	8.824259	12.833463	0.005282	4.1
366	-0.474933	8.611625	12.925617	0.005491	4.1
367	-0.500081	7.692179	13.339821	0.004001	4.1
368	-0.479782	8.692171	12.890554	0.004659	4.0
369	-0.495142	9.690469	12.471251	0.005272	4.0
370	-0.483079	8.815679	12.837156	0.003180	4.0
371	-0.480766	8.349278	13.041157	0.005394	4.2
372	-0.475085	9.349276	12.611455	0.007751	4.3
373	-0.487809	8.422692	13.008617	0.004937	4.4
374	-0.495922	7.612287	13.377069	0.006412	4.5
375	-0.497216	6.686515	13.824367	0.008888	4.4
376	-0.490131	6.171143	14.086582	0.007792	4.7
377	-0.476806	5.244521	14.583941	0.008915	4.5
378	-0.492287	4.317899	15.117705	0.009600	4.4
379	-0.474140	3.391277	15.692025	0.004319	4.4
380	-0.481023	2.693634	16.154066	0.007216	4.7
381	-0.473729	3.185269	15.825688	0.006873	4.6
382	-0.489430	2.258647	16.456182	0.005723	4.5
383	-0.502562	1.390925	17.093913	0.007604	4.8
384	-0.487599	0.788867	17.566243	0.005441	4.3
385	-0.504577	0.000000	18.226121	0.005287	4.3
386	-0.489968	0.998652	17.398727	0.004292	4.4
387	-0.475522	1.982703	16.653765	0.005394	4.6
388	-0.477252	2.217130	16.485609	0.006289	5.0
389	-0.489674	3.214172	15.806798	0.006886	5.3
390	-0.487283	4.214171	15.179897	0.008122	4.4
391	-0.480228	3.287549	15.759043	0.005202	4.6
392	-0.498759	2.361841	16.383492	0.005050	4.5
393	-0.508270	3.360810	15.711650	0.004660	4.5
394	-0.487783	2.661565	16.175960	0.003578	4.4
395	-0.496443	1.736247	16.834288	0.008703	4.6
396	-0.481688	0.809625	17.549524	0.005239	4.4
397	-0.491666	1.809625	16.780132	0.005791	4.2
398	-0.493221	2.809625	16.075370	0.005581	4.1
399	-0.473896	1.889614	16.721494	0.005254	4.3
400	-0.488843	0.964562	17.425730	0.005271	4.3
401	-0.497848	1.963875	16.667419	0.005445	4.3
402	-0.475583	1.037273	17.368234	0.004994	4.3
403	-0.498373	2.026298	16.622235	0.007751	4.1
404	-0.495978	3.026298	15.930400	0.004906	4.1
405	-0.487078	3.960887	15.333931	0.003926	4.1
406	-0.498057	4.494882	15.012759	0.005941	4.0
407	-0.485268	5.494882	14.446131	0.008338	4.1
408	-0.485083	4.568260	14.969675	0.005813	4.2
409	-0.490096	5.013372	14.713530	0.005369	4.1
410	-0.474888	4.087162	15.256749	0.004332	4.1
411	-0.485128	5.059202	14.687654	0.004181	4.2
412	-0.497917	5.911943	14.222256	0.005254	4.2
413	-0.471916	4.985322	14.729413	0.007308	4.0
414	-0.477064	5.985322	14.183582	0.003966	4.1
415	-0.490390	6.861532	13.737526	0.004666	4.2
416	-0.489220	7.836624	13.273001	0.005608	4.1
417	-0.492895	7.414495	13.470186	0.003725	4.2
418	-0.479315	6.487874	13.924268	0.007347	4.1
419	-0.495443	5.612330	14.382376	0.006674	4.1
420	-0.478290	4.685710	14.901224	0.005445	4.6
421	-0.485166	3.759095	15.458907	0.004349	4.8
422	-0.491854	2.832674	16.059823	0.005693	4.2
423	-0.500634	1.906054	16.709492	0.006840	5.0
424	-0.490177	0.979432	17.413941	0.003436	5.1
425	-0.483302	1.564806	16.962190	0.002171	4.7
426	-0.500739	0.646402	17.681854	0.006793	4.8
427	-0.479541	0.000000	18.226121	0.003686	4.8
428	-0.470497	0.000000	18.226121	0.007645	5.1
429	-0.476079	1.000000	17.397661	0.002650	4.7
430	-0.490574	1.648259	16.899689	0.007748	4.5
431	-0.484913	1.098854	17.319837	0.004536	4.5
432	-0.481633	2.098853	16.570023	0.005573	4.5
433	-0.486706	1.172231	17.262517	0.009452	4.5
434	-0.490353	2.002205	16.639645	0.005753	4.5
435	-0.497361	1.075583	17.338094	0.004096	4.3
436	-0.475522	2.073257	16.588405	0.006882	4.5
437	-0.489532	3.073257	15.899325	0.011418	5.2
438	-0.493217	2.146635	16.535818	0.005552	6.2
439	-0.500919	3.146635	15.851009	0.004823	5.5
440	-0.484225	2.220078	16.483516	0.006108	4.6
441	-0.496107	1.555706	16.969034	0.004540	4.6
442	-0.481974	2.555365	16.248890	0.006258	4.1
443	-0.510421	1.628755	16.914255	0.005784	4.2
444	-0.503809	0.702133	17.636448	0.004013	4.1
445	-0.480471	0.000000	18.226121	0.006448	4.2
446	-0.486736	0.999997	17.397663	0.007314	4.2
447	-0.484666	1.999195	16.641823	0.003122	4.2
448	-0.487858	2.999195	15.948390	0.006352	4.1
449	-0.483359	3.996845	15.311874	0.005130	4.9
450	-0.487355	4.643190	14.925933	0.003705	5.8
451	-0.488364	4.533277	14.990184	0.004092	5.0
452	-0.480627	3.606687	15.554655	0.008205	4.3
453	-0.495199	4.606687	14.947210	0.005346	4.3
454	-0.485127	5.599804	14.389149	0.003555	4.3
455	-0.485397	4.673216	14.908476	0.006758	4.1
456	-0.481535	5.673216	14.349546	0.007023	4.2
457	-0.493920	6.673214	13.831011	0.007551	4.1
458	-0.471041	7.673214	13.348644	0.004382	4.1
459	-0.487106	8.673213	12.898790	0.005079	4.1
460	-0.482649	8.519341	12.966025	0.003543	4.1
461	-0.491638	9.513955	12.543393	0.006794	4.1
462	-0.488798	8.587333	12.936230	0.007878	4.2
463	-0.485552	7.660711	13.354467	0.004103	4.3
464	-0.474866	8.660711	12.904226	0.006654	4.7
465	-0.484650	9.660711	12.483355	0.007258	4.3
466	-0.490535	8.742968	12.868538	0.004747	5.3
467	-0.482880	7.967624	13.212976	0.003845	4.9
468	-0.484667	8.914813	12.794616	0.006072	5.1
469	-0.487227	7.988191	13.203602	0.007322	4.9
470	-0.490618	7.061569	13.639598	0.006783	4.9
471	-0.480273	8.061569	13.170264	0.003686	4.4
472	-0.488175	9.059802	12.732902	0.006243	4.4
473	-0.495130	10.058311	12.323546	0.006677	4.5
474	-0.500052	11.058311	11.939136	0.007589	5.1
475	-0.491893	10.131689	12.294499	0.007215	4.9
476	-0.482193	11.131607	11.911901	0.005454	4.5
477	-0.497159	10.204985	12.265621	0.006417	4.2
478	-0.493317	11.204985	11.884760	0.008030	4.2
479	-0.486482	10.278391	12.236836	0.006046	4.5
480	-0.491957	11.278391	11.857733	0.003873	4.7
481	-0.495065	10.351777	12.208193	0.006344	4.2
482	-0.481168	10.373466	12.199753	0.006241	4.7
483	-0.491259	9.446844	12.571041	0.008358	4.6
484	-0.491289	8.520224	12.965638	0.007193	4.2
485	-0.481853	9.520224	12.540817	0.006457	4.6
486	-0.472831	10.520224	12.142951	0.004128	5.1
487	-0.485193	11.519205	11.769923	0.005105	5.0
488	-0.480010	12.518744	11.418940	0.004980	4.7
489	-0.483178	13.518741	11.088137	0.006961	4.2
490	-0.481760	14.496465	10.782723	0.002139	4.3
491	-0.486993	13.652483	11.045342	0.005932	4.1
492	-0.489096	12.725920	11.348794	0.004380	4.2
493	-0.478043	13.725920	11.021984	0.006839	4.3
494	-0.501561	14.725919	10.713469	0.005303	4.1
495	-0.483201	15.694195	10.430765	0.006459	4.1
496	-0.512118	16.653496	10.165020	0.005892	4.1
497	-0.488878	15.918095	10.367505	0.006789	4.3
498	-0.495157	14.991473	10.634423	0.005684	4.2
499	-0.488591	14.064852	10.915447	0.007384	4.4
