1:ItNr	2:Metric	3a:Time	3b:StepSize	4:||Gradient||	Time[ms]
0	-0.630455	0.000000	11.371880	0.007751	3639.3
1	-0.624849	0.000000	11.371880	0.009168	9.3
2	-0.624252	0.023350	11.359250	0.008581	11.1
3	-0.628822	0.000000	11.371880	0.011511	9.2
4	-0.637516	0.000000	11.371880	0.008847	9.1
5	-0.614161	0.992719	10.858570	0.007506	9.1
6	-0.618248	1.991087	10.387046	0.015955	9.1
7	-0.635328	2.991087	9.954092	0.009238	9.0
8	-0.619444	3.991087	9.555786	0.006692	9.4
9	-0.623333	4.984102	9.190600	0.006857	10.0
10	-0.623109	4.076485	9.523244	0.007635	9.4
11	-0.614296	5.044902	9.169145	0.007420	10.7
12	-0.628815	6.033695	8.833772	0.010346	9.4
13	-0.633389	6.970567	8.537885	0.007824	9.0
14	-0.613428	6.057648	8.825951	0.009541	8.8
15	-0.606726	5.285931	9.085068	0.005893	8.9
16	-0.626474	6.282384	8.753248	0.012277	9.6
17	-0.640190	7.282291	8.443781	0.009204	10.8
18	-0.614024	6.460495	8.696474	0.008016	10.3
19	-0.630796	5.772184	8.920060	0.010460	11.3
20	-0.612405	4.859207	9.234989	0.007778	12.7
21	-0.618120	3.946230	9.572969	0.011547	9.8
22	-0.633336	4.945974	9.204106	0.009273	10.0
23	-0.614904	4.042043	9.536342	0.008419	9.4
24	-0.624346	3.138223	9.893416	0.007502	9.2
25	-0.619927	4.132481	9.502026	0.008117	9.2
26	-0.632931	5.131915	9.138614	0.006039	9.3
27	-0.625580	5.330225	9.069785	0.007512	8.9
28	-0.595442	6.265321	8.758726	0.007792	9.2
29	-0.618395	7.264742	8.449024	0.008441	9.5
30	-0.618086	8.264711	8.160323	0.009180	9.1
31	-0.615673	7.351733	8.423100	0.007359	8.9
32	-0.625380	6.438887	8.703323	0.009723	9.2
33	-0.636952	5.570258	8.987850	0.011135	9.9
34	-0.612149	6.569953	8.661947	0.008505	9.0
35	-0.623553	6.164959	8.791086	0.007583	11.3
36	-0.633108	7.164847	8.478991	0.007032	10.3
37	-0.636871	8.164822	8.188272	0.008498	10.1
38	-0.609955	9.084052	7.938076	0.010300	11.2
39	-0.635777	8.171074	8.186517	0.010188	9.4
40	-0.629086	7.258097	8.451011	0.008715	9.1
41	-0.637380	8.235916	8.168360	0.007676	9.1
42	-0.615087	9.228941	7.900028	0.010274	9.3
43	-0.619385	10.228915	7.647063	0.006765	9.2
44	-0.629393	9.315955	7.877353	0.009657	9.1
45	-0.616854	8.405788	8.121173	0.010351	9.0
46	-0.630039	9.405787	7.854080	0.011885	8.8
47	-0.642369	10.405787	7.603996	0.011878	9.1
48	-0.626378	9.492810	7.831665	0.009174	9.5
49	-0.616845	8.579908	8.073368	0.006851	9.1
50	-0.633434	9.577985	7.809850	0.007786	9.1
51	-0.620605	8.665068	8.050192	0.010234	10.6
52	-0.623684	7.762791	8.302723	0.008334	10.1
53	-0.636679	8.154917	8.191054	0.007664	10.5
54	-0.630778	7.257747	8.451115	0.009166	10.0
55	-0.638636	8.257537	8.162323	0.008086	10.3
56	-0.624540	9.257537	7.892562	0.007494	9.9
57	-0.625505	8.344560	8.138118	0.005876	10.5
58	-0.617528	9.318678	7.876646	0.011478	10.3
59	-0.610263	8.405701	8.121197	0.009952	9.4
60	-0.620007	9.405701	7.854102	0.008380	9.4
61	-0.618402	10.373768	7.611757	0.011332	9.0
62	-0.619457	11.373548	7.376686	0.013585	9.0
63	-0.630838	10.460570	7.590755	0.006797	8.9
64	-0.624090	9.547593	7.817620	0.011191	9.0
65	-0.628103	10.547593	7.569816	0.009940	9.2
66	-0.625160	11.547590	7.337240	0.011727	8.9
67	-0.623504	12.547590	7.118529	0.004565	9.2
68	-0.616869	13.547565	6.912484	0.011672	9.7
69	-0.621290	14.503258	6.726410	0.007320	9.5
70	-0.621241	15.503258	6.542142	0.009688	10.9
71	-0.618979	16.503190	6.367711	0.005280	10.6
72	-0.617123	15.680470	6.510535	0.009042	10.2
73	-0.595970	16.680012	6.337829	0.006674	9.2
74	-0.623751	15.767105	6.495194	0.013429	9.2
75	-0.613602	14.854128	6.660585	0.009597	9.3
76	-0.626991	15.854128	6.479857	0.008032	9.7
77	-0.633429	16.748644	6.326306	0.008884	9.3
78	-0.620925	17.726108	6.166628	0.007003	9.4
79	-0.618889	17.001027	6.284290	0.006408	9.3
80	-0.622119	16.337281	6.396006	0.003825	9.5
81	-0.640382	17.157635	6.258498	0.008905	9.6
82	-0.637094	18.157401	6.098706	0.006002	9.4
83	-0.627208	19.130509	5.950821	0.007976	9.1
84	-0.646138	18.217821	6.089310	0.007899	9.1
85	-0.622201	17.304844	6.234446	0.009300	9.4
86	-0.623123	16.391866	6.386669	0.006398	9.3
87	-0.622197	15.907370	6.470509	0.011096	10.0
88	-0.625506	16.292119	6.403752	0.008070	10.8
89	-0.619540	16.730743	6.329308	0.010602	11.2
90	-0.638116	15.817841	6.486243	0.009939	9.6
91	-0.646402	16.815553	6.315113	0.007670	9.4
92	-0.626111	17.534725	6.197254	0.008737	9.2
93	-0.618952	18.534708	6.040502	0.007178	9.2
94	-0.618732	17.976215	6.127057	0.007894	9.2
95	-0.615446	17.097262	6.268416	0.009940	8.9
96	-0.623891	18.097258	6.108088	0.009844	8.9
97	-0.620185	17.184295	6.254128	0.005367	9.0
98	-0.610218	18.184284	6.094522	0.007891	9.2
99	-0.622333	17.387447	6.221031	0.013894	11.0
100	-0.630771	16.474470	6.372591	0.006745	10.0
101	-0.628871	15.584125	6.527681	0.010223	9.8
102	-0.637793	14.671155	6.694750	0.010638	9.3
103	-0.630320	15.607870	6.523447	0.007723	9.4
104	-0.618854	14.695252	6.690231	0.004934	9.8
105	-0.618702	15.693214	6.508274	0.009311	9.7
106	-0.624186	16.693159	6.335619	0.006351	9.5
107	-0.636071	16.447744	6.377139	0.005799	9.4
108	-0.630148	15.537679	6.535978	0.009753	9.3
109	-0.626636	14.630457	6.702397	0.010193	8.9
110	-0.627183	15.630457	6.519424	0.009191	9.1
111	-0.628097	14.738411	6.682152	0.008189	8.9
112	-0.641578	13.839236	6.854613	0.011311	10.2
113	-0.621354	14.838124	6.663560	0.009155	9.4
114	-0.629985	15.838124	6.482672	0.008021	9.0
115	-0.617390	16.838122	6.311346	0.014908	9.1
116	-0.629559	15.925145	6.467395	0.010774	9.4
117	-0.622592	16.925145	6.296864	0.008918	8.9
118	-0.627217	16.012930	6.452056	0.010353	10.1
119	-0.620196	15.102014	6.614852	0.007958	10.0
120	-0.637484	16.096829	6.437463	0.006413	10.2
121	-0.621587	17.096717	6.268506	0.011325	9.1
122	-0.618390	18.086257	6.109807	0.008791	9.6
123	-0.641608	17.173280	6.255933	0.012624	9.5
124	-0.635829	18.173279	6.096234	0.008680	9.2
125	-0.628466	17.260302	6.241704	0.007455	9.7
126	-0.631122	18.259690	6.082816	0.009898	9.9
127	-0.635244	18.750022	6.007782	0.011048	10.4
128	-0.610912	17.837045	6.149013	0.004692	9.7
129	-0.623994	18.672639	6.019501	0.007576	10.1
130	-0.614036	17.764881	6.160460	0.007008	9.3
131	-0.613554	18.764857	6.005541	0.009077	9.1
132	-0.639176	19.764857	5.858220	0.008855	9.0
133	-0.624421	19.278493	5.928958	0.005223	9.0
134	-0.605519	20.090326	5.811818	0.005261	9.0
135	-0.634958	19.201649	5.940291	0.007494	9.1
136	-0.621144	19.324181	5.922240	0.005654	9.3
137	-0.634943	18.418296	6.058341	0.006980	9.6
138	-0.618545	19.382794	5.913644	0.010069	9.5
139	-0.619221	19.048404	5.963021	0.009672	9.2
140	-0.635358	18.135457	6.102126	0.006296	10.0
141	-0.613243	17.372758	6.223412	0.006961	9.3
142	-0.621906	18.306013	6.075648	0.009235	9.7
143	-0.610190	19.300623	5.925702	0.008349	9.6
144	-0.615802	19.146376	5.948469	0.008768	9.8
145	-0.631338	20.078797	5.813449	0.009300	9.3
146	-0.632914	21.078773	5.675296	0.007001	8.8
147	-0.638336	21.960896	5.558764	0.006217	9.6
148	-0.619968	21.303883	5.645096	0.012353	9.8
149	-0.624013	21.782100	5.581995	0.006135	8.9
150	-0.629796	22.570349	5.481009	0.006800	9.0
151	-0.609412	23.339211	5.385966	0.008769	9.1
152	-0.636819	22.429698	5.498760	0.008655	9.3
153	-0.620291	22.175275	5.531163	0.008091	8.9
154	-0.627172	23.172832	5.406253	0.006478	8.8
155	-0.643887	22.529825	5.486112	0.012138	9.1
156	-0.615547	23.527642	5.363174	0.008010	9.0
157	-0.631775	22.645251	5.471603	0.007811	9.6
158	-0.626726	21.733400	5.588357	0.007445	10.1
159	-0.620269	22.733377	5.460577	0.005458	9.5
160	-0.629504	21.820701	5.576963	0.005054	9.6
161	-0.624085	22.806411	5.451473	0.005274	9.6
162	-0.637950	21.897649	5.566960	0.006012	10.6
163	-0.628839	21.353030	5.638545	0.009801	9.1
164	-0.611137	22.352349	5.508571	0.005035	9.2
165	-0.616883	23.152143	5.408786	0.005549	9.0
166	-0.597064	22.891670	5.440884	0.006200	9.2
167	-0.615319	23.410868	5.377276	0.010404	9.1
168	-0.614493	22.503438	5.489439	0.013672	9.0
169	-0.632669	23.503438	5.366091	0.006342	9.9
170	-0.624582	22.590462	5.478480	0.008649	11.5
171	-0.624879	23.590077	5.355664	0.005540	9.8
172	-0.611591	22.683601	5.466799	0.008693	9.3
173	-0.612219	23.683550	5.344461	0.007692	9.3
174	-0.618099	23.049032	5.421447	0.009242	9.0
175	-0.630404	22.895035	5.440467	0.008453	9.9
176	-0.632681	21.982328	5.555992	0.008821	9.2
177	-0.624371	22.930208	5.436111	0.005883	9.1
178	-0.613358	22.017341	5.551470	0.008422	9.0
179	-0.641128	23.013806	5.425786	0.011580	9.2
180	-0.625424	23.430597	5.374888	0.007403	9.2
181	-0.634168	22.517625	5.487650	0.011174	8.8
182	-0.612920	22.175809	5.531095	0.008197	9.2
183	-0.632089	21.515568	5.616989	0.007893	9.4
184	-0.618730	21.324356	5.642365	0.006958	10.8
185	-0.638810	20.769043	5.717380	0.007290	9.6
186	-0.610011	21.683838	5.594846	0.009033	9.0
187	-0.636568	20.773907	5.716714	0.009371	9.2
188	-0.632193	19.860939	5.844444	0.011085	9.9
189	-0.628094	18.947962	5.978014	0.009615	11.4
190	-0.603999	19.947948	5.832026	0.014080	11.0
191	-0.624044	19.034970	5.965022	0.006626	10.3
192	-0.625240	18.121994	6.104226	0.010259	9.9
193	-0.628400	17.209017	6.250082	0.009570	9.5
194	-0.611644	17.441489	6.212285	0.008105	9.0
195	-0.636315	16.725472	6.330192	0.004957	8.9
196	-0.616793	17.718271	6.167876	0.009681	9.8
197	-0.619540	16.807266	6.316497	0.009316	9.3
198	-0.615556	15.895550	6.472582	0.008823	11.1
199	-0.638538	14.982582	6.636808	0.010679	9.6
200	-0.623814	15.982581	6.457350	0.009009	9.8
201	-0.612172	15.818381	6.486148	0.006663	10.7
202	-0.614256	15.659690	6.514225	0.008262	9.4
203	-0.625348	15.606097	6.523763	0.010032	9.6
204	-0.625735	14.696365	6.690023	0.009807	9.6
205	-0.620632	13.783625	6.865572	0.007455	9.4
206	-0.618032	14.783625	6.673708	0.010798	10.1
207	-0.618616	15.783479	6.492303	0.011680	9.3
208	-0.635344	16.783475	6.320474	0.005806	9.2
209	-0.622512	17.782960	6.157588	0.006338	9.5
210	-0.627393	17.579418	6.190075	0.004564	9.1
211	-0.633811	16.760860	6.324260	0.007229	9.4
212	-0.636738	15.972982	6.459027	0.005476	9.2
213	-0.617324	15.070524	6.620627	0.007683	8.9
214	-0.625182	14.158091	6.792447	0.006256	10.0
215	-0.628216	15.157904	6.604627	0.011156	10.1
216	-0.621436	16.157904	6.426882	0.007894	9.7
217	-0.620216	17.052989	6.275709	0.008386	9.7
218	-0.630492	18.049836	6.115505	0.009709	9.6
219	-0.612810	17.145728	6.260452	0.010750	9.3
220	-0.636393	18.105166	6.106853	0.008197	10.3
221	-0.609376	19.104813	5.954634	0.007042	9.0
222	-0.620674	20.027887	5.820662	0.009598	8.8
223	-0.634929	21.027887	5.682167	0.009057	9.3
224	-0.633022	20.115202	5.808301	0.006338	10.1
225	-0.634611	19.476175	5.900001	0.008396	9.1
226	-0.622560	20.193124	5.797314	0.004483	9.5
227	-0.631532	19.317733	5.923187	0.008746	9.6
228	-0.617517	20.307499	5.781262	0.006039	9.1
229	-0.605241	19.401737	5.910872	0.008520	8.9
230	-0.627635	20.390294	5.769698	0.007240	8.8
231	-0.605032	20.205565	5.795564	0.010441	9.9
232	-0.610341	21.205555	5.658248	0.010532	9.6
233	-0.610054	22.205555	5.527287	0.005601	9.5
234	-0.635249	22.224897	5.524813	0.009311	9.2
235	-0.620415	23.220270	5.400453	0.007895	9.1
236	-0.639621	22.319970	5.512688	0.008627	8.9
237	-0.604675	23.319953	5.388306	0.006653	8.9
238	-0.619047	22.407050	5.501629	0.007595	9.7
239	-0.615843	23.405594	5.377914	0.007928	10.4
240	-0.628282	24.000876	5.306774	0.008465	10.0
241	-0.607677	23.187570	5.404449	0.010035	10.2
242	-0.622443	22.274593	5.518469	0.009220	10.0
243	-0.641975	21.361617	5.637402	0.006059	10.1
244	-0.617965	22.352897	5.508501	0.005901	8.9
245	-0.632580	22.716261	5.462715	0.009340	9.2
246	-0.617582	23.714726	5.340735	0.013011	8.8
247	-0.635733	22.805834	5.451545	0.012243	9.2
248	-0.611760	23.805834	5.329875	0.010670	9.5
249	-0.628664	22.892856	5.440737	0.012262	9.5
250	-0.623585	21.979879	5.556309	0.011105	9.3
251	-0.613345	22.979805	5.429980	0.007431	9.1
252	-0.632739	22.067808	5.544965	0.008223	10.1
253	-0.627222	23.066722	5.419270	0.005119	10.2
254	-0.629520	24.019656	5.304560	0.014554	8.9
255	-0.634542	23.106696	5.414359	0.007727	8.9
256	-0.619476	22.193719	5.528801	0.006286	9.2
257	-0.638623	22.934149	5.435623	0.009509	8.8
258	-0.631755	22.021676	5.550911	0.010707	9.4
259	-0.621930	21.214339	5.657070	0.009597	9.9
260	-0.639615	22.214339	5.526163	0.010688	10.1
261	-0.616620	23.214264	5.401186	0.007065	10.3
262	-0.628517	24.213967	5.281764	0.007313	10.2
263	-0.626825	24.072604	5.298329	0.008787	9.0
264	-0.641102	23.169464	5.406665	0.012462	8.9
265	-0.604980	24.169464	5.286967	0.006611	9.0
266	-0.623146	25.169463	5.172455	0.008813	9.5
267	-0.635356	24.257657	5.276665	0.005179	9.0
268	-0.612159	25.253915	5.163011	0.007352	9.1
269	-0.633795	25.849739	5.097349	0.008553	9.7
270	-0.622742	24.936761	5.198657	0.005985	9.9
271	-0.618617	25.936740	5.087901	0.010734	9.5
272	-0.617582	26.182790	5.061368	0.007274	9.2
273	-0.616066	25.276050	5.160542	0.007266	9.0
274	-0.636425	26.089294	5.071418	0.008455	9.0
275	-0.617950	25.196935	5.169379	0.005293	9.0
276	-0.638083	25.855499	5.096723	0.006949	9.6
277	-0.622058	26.829055	4.992979	0.007330	12.9
278	-0.620162	27.824850	4.891146	0.007285	11.3
279	-0.613992	26.912181	4.984317	0.007284	9.9
280	-0.613901	25.999242	5.081135	0.007208	9.3
281	-0.610727	25.086354	5.181783	0.012384	9.6
282	-0.626150	26.085815	5.071792	0.006687	9.2
283	-0.630459	27.085815	4.966319	0.011229	9.0
284	-0.636280	28.065465	4.867160	0.009459	9.3
285	-0.622886	29.065451	4.769946	0.006364	9.1
286	-0.620363	28.170301	4.856783	0.007006	9.2
287	-0.624467	27.345705	4.939621	0.007076	10.3
288	-0.618030	26.438050	5.034134	0.013367	9.7
289	-0.628584	25.539651	5.131312	0.007303	8.9
290	-0.643176	26.539141	5.023429	0.006907	8.9
291	-0.619677	25.654581	5.118672	0.008584	9.3
292	-0.617772	25.975081	5.083748	0.008959	8.9
293	-0.618581	26.975079	4.977782	0.011204	9.6
294	-0.620557	26.062140	5.074344	0.011578	11.2
295	-0.634107	27.061870	4.968793	0.015041	10.6
296	-0.633256	26.148962	5.065000	0.012231	10.6
297	-0.627730	27.148962	4.959805	0.009372	10.0
298	-0.629187	28.148949	4.858893	0.008929	10.0
299	-0.608568	29.114576	4.765270	0.014694	9.1
300	-0.626857	28.201694	4.853684	0.008711	9.0
301	-0.640089	29.201694	4.757000	0.010642	9.2
302	-0.613991	28.288717	4.845115	0.006938	9.3
303	-0.620159	27.375746	4.936554	0.009568	9.1
304	-0.620139	26.494863	5.028112	0.006750	9.0
305	-0.636346	25.587743	5.126015	0.009175	9.1
306	-0.634044	24.675213	5.228426	0.005886	9.3
307	-0.626233	23.765947	5.334624	0.010739	9.3
308	-0.622494	23.480596	5.368846	0.009022	9.0
309	-0.609538	22.574725	5.480459	0.008578	9.0
310	-0.623694	23.574722	5.357509	0.011285	8.7
311	-0.606566	24.355681	5.265261	0.008157	9.2
312	-0.631072	25.052249	5.185620	0.012584	9.1
313	-0.628379	24.139271	5.290504	0.006185	10.3
314	-0.637959	25.073956	5.183177	0.005895	9.8
315	-0.622941	25.377140	5.149293	0.004702	10.0
316	-0.620125	24.615782	5.235238	0.011579	9.3
317	-0.628863	24.951070	5.197039	0.008729	9.4
318	-0.638219	25.948066	5.086674	0.005554	9.2
319	-0.628756	26.877773	4.987899	0.009466	8.9
320	-0.630113	27.272008	4.947163	0.009856	8.9
321	-0.613458	28.272008	4.846758	0.014913	8.9
322	-0.637884	27.359031	4.938260	0.005824	8.9
323	-0.641504	28.359031	4.838213	0.006742	9.7
324	-0.637142	27.468060	4.927152	0.005709	10.6
325	-0.626717	28.417588	4.832479	0.007570	8.9
326	-0.623052	29.261824	4.751310	0.008274	9.3
327	-0.615735	30.261823	4.658623	0.007884	9.6
328	-0.634434	31.237679	4.571594	0.007389	8.9
329	-0.617694	30.325067	4.652882	0.006762	9.1
330	-0.631932	29.415684	4.736809	0.007232	8.8
331	-0.623229	29.954239	4.686744	0.009209	9.6
332	-0.620989	29.050178	4.771401	0.007869	9.5
333	-0.638580	30.050173	4.677937	0.009610	9.1
334	-0.630569	31.036202	4.589295	0.008196	9.8
335	-0.619822	31.359541	4.560955	0.008227	10.1
336	-0.613366	32.342280	4.476927	0.007599	9.1
337	-0.629326	31.777700	4.524818	0.005962	9.1
338	-0.625048	31.152361	4.579073	0.009216	8.9
339	-0.623548	32.073018	4.499640	0.010364	9.3
340	-0.619627	31.160658	4.578345	0.010456	9.2
341	-0.626172	32.160650	4.492223	0.009447	9.1
342	-0.608531	31.247672	4.570720	0.008706	10.2
343	-0.609637	30.350908	4.650541	0.016791	9.4
344	-0.627185	31.350908	4.561707	0.009526	9.1
345	-0.614944	32.350908	4.476203	0.011213	9.1
346	-0.639594	31.437983	4.554132	0.008111	8.9
347	-0.604245	32.437983	4.468909	0.006407	9.4
348	-0.634805	31.570784	4.542627	0.007781	9.3
349	-0.616386	32.566851	4.458158	0.006528	8.9
350	-0.639351	33.421690	4.388131	0.011510	9.7
351	-0.635783	32.508719	4.463001	0.010300	10.7
352	-0.620162	33.508719	4.381124	0.013101	10.7
353	-0.633902	34.508719	4.302198	0.009423	9.8
354	-0.629636	33.595741	4.374141	0.006027	10.4
355	-0.633352	34.595667	4.295469	0.007854	10.0
356	-0.624551	33.701598	4.365677	0.009416	9.3
357	-0.618704	32.789796	4.439680	0.011379	8.9
358	-0.643519	33.370404	4.392270	0.012441	9.3
359	-0.619994	33.027157	4.420175	0.008126	9.8
360	-0.614586	33.882834	4.351260	0.006602	9.1
361	-0.609791	33.019485	4.420803	0.007164	9.0
362	-0.647644	34.014411	4.340853	0.007822	9.2
363	-0.622584	35.005199	4.264059	0.009755	9.1
364	-0.631185	35.892933	4.197525	0.006419	9.1
365	-0.624686	36.869688	4.126677	0.010875	9.5
366	-0.616925	37.869688	4.056578	0.006903	9.5
367	-0.635476	38.869680	3.988822	0.005606	9.2
368	-0.633372	39.869647	3.923293	0.006534	10.2
369	-0.629286	39.080510	3.974824	0.010016	10.5
370	-0.616199	38.169194	4.036044	0.008699	10.1
371	-0.627480	39.169077	3.968974	0.016436	9.7
372	-0.614854	40.167311	3.904201	0.006557	10.2
373	-0.629801	41.167310	3.841400	0.006753	9.8
374	-0.621454	41.476670	3.822379	0.011791	9.5
375	-0.624563	42.465618	3.762817	0.008113	9.4
376	-0.631429	43.465614	3.704448	0.012790	9.1
377	-0.627615	44.465612	3.647861	0.009045	9.3
378	-0.622113	45.465611	3.592978	0.007801	9.2
379	-0.618055	46.459815	3.540026	0.008976	9.0
380	-0.628493	47.459804	3.488317	0.013154	9.2
381	-0.627594	46.546833	3.535465	0.010259	9.1
382	-0.618532	47.546399	3.483910	0.008032	9.4
383	-0.621972	46.633422	3.530939	0.012957	9.1
384	-0.629381	47.163424	3.503484	0.010465	9.5
385	-0.629374	46.250446	3.551047	0.008897	9.2
386	-0.627361	47.250426	3.499018	0.012364	10.5
387	-0.628781	46.337669	3.546447	0.006051	10.1
388	-0.625479	47.051573	3.509243	0.008351	9.8
389	-0.617167	46.152654	3.556218	0.007974	9.3
390	-0.610222	47.151964	3.504073	0.009308	9.2
391	-0.632648	48.151878	3.453406	0.009419	9.0
392	-0.642199	47.238935	3.499607	0.011430	8.8
393	-0.613089	48.233436	3.449337	0.006451	9.3
394	-0.634421	47.369646	3.492917	0.008042	9.9
395	-0.624767	48.287980	3.446622	0.007040	9.2
396	-0.622813	49.253462	3.399256	0.009701	9.1
397	-0.621140	49.362639	3.393981	0.009204	9.2
398	-0.626780	48.449662	3.438598	0.008985	9.3
399	-0.636255	47.537635	3.484355	0.007833	9.1
400	-0.613399	48.537631	3.434248	0.010342	9.1
401	-0.625969	49.460981	3.389244	0.004613	9.0
402	-0.636114	49.894537	3.368517	0.009630	10.2
403	-0.619056	50.481254	3.340869	0.007818	9.8
404	-0.619666	49.574088	3.383813	0.012495	8.8
405	-0.624522	48.661111	3.428161	0.005787	9.4
406	-0.642014	49.660757	3.379662	0.010894	9.6
407	-0.628954	48.750159	3.423784	0.006234	10.2
408	-0.622530	49.750151	3.375392	0.010249	9.2
409	-0.609371	48.921283	3.415405	0.007605	9.0
410	-0.620896	49.919638	3.367325	0.008743	9.0
411	-0.622403	50.919349	3.320518	0.009233	9.7
412	-0.631127	50.006734	3.363195	0.008368	9.5
413	-0.630503	51.006691	3.316490	0.009486	9.3
414	-0.633523	52.006676	3.271064	0.008916	9.0
415	-0.612207	52.512847	3.248541	0.009976	9.4
416	-0.628269	53.512842	3.204944	0.012746	9.6
417	-0.621074	54.507373	3.162731	0.007807	9.2
418	-0.624202	55.507372	3.121392	0.008252	9.2
419	-0.620586	56.500946	3.081375	0.007191	9.2
420	-0.611408	56.575523	3.078413	0.009401	9.5
421	-0.619015	57.555453	3.040012	0.009302	9.4
422	-0.624730	58.551950	3.001931	0.005909	9.0
423	-0.627672	58.934398	2.987568	0.009610	9.5
424	-0.635111	58.073884	3.020080	0.008305	9.4
425	-0.621037	59.073884	2.982364	0.010947	9.1
426	-0.628090	59.600077	2.962894	0.013503	10.1
427	-0.630117	60.599977	2.926588	0.009163	9.4
428	-0.620660	61.599303	2.891180	0.007642	9.6
429	-0.616590	62.595573	2.856724	0.004947	9.9
430	-0.633438	63.393203	2.829724	0.010218	9.5
431	-0.619674	64.359635	2.797686	0.010184	9.1
432	-0.643148	65.359635	2.765291	0.009585	9.1
433	-0.626590	66.357914	2.733690	0.008813	9.3
434	-0.640229	65.445309	2.762550	0.006572	9.2
435	-0.619643	65.378976	2.764671	0.007176	9.3
436	-0.634549	66.338208	2.734307	0.010442	9.6
437	-0.632673	67.338208	2.703354	0.007077	9.3
438	-0.612534	67.604907	2.695217	0.005523	10.0
439	-0.597879	68.557760	2.666541	0.006309	9.3
440	-0.615533	68.995149	2.653582	0.009703	9.4
441	-0.624521	68.083535	2.680736	0.006748	9.4
442	-0.613102	69.078503	2.651126	0.009674	9.1
443	-0.625380	68.556160	2.666589	0.011140	9.0
444	-0.608833	67.643852	2.694033	0.007450	9.7
445	-0.633011	66.730874	2.722069	0.009487	9.9
446	-0.628697	67.726312	2.691529	0.006292	10.2
447	-0.626799	68.709062	2.662044	0.008298	9.8
448	-0.615885	69.709041	2.632698	0.007341	9.5
449	-0.631796	69.950450	2.625710	0.007968	9.1
450	-0.618415	70.689499	2.604546	0.010265	9.5
451	-0.619381	69.776540	2.630740	0.006856	9.1
452	-0.624855	68.863920	2.657457	0.006176	9.0
453	-0.618262	69.766576	2.631029	0.009384	9.0
454	-0.624380	68.855577	2.657704	0.012180	9.0
455	-0.621330	69.812022	2.629712	0.007263	9.2
456	-0.645471	70.812019	2.601070	0.008005	10.9
457	-0.628425	70.035220	2.623265	0.005294	10.1
458	-0.625879	71.026286	2.595014	0.005852	9.1
459	-0.623701	71.658747	2.577301	0.011083	9.2
460	-0.627490	70.748144	2.602881	0.009277	9.0
461	-0.624499	71.748144	2.574817	0.011062	10.8
462	-0.633428	70.835167	2.600414	0.006934	10.9
463	-0.619272	71.835167	2.572403	0.011911	11.4
464	-0.617558	72.136857	2.564071	0.008671	11.3
465	-0.624119	73.121344	2.537251	0.008164	9.6
466	-0.619200	72.212603	2.561987	0.010331	9.5
467	-0.625978	73.212603	2.534793	0.009738	9.1
468	-0.630475	74.212592	2.508171	0.006070	9.3
469	-0.636244	73.336032	2.531477	0.006462	9.6
470	-0.611184	73.723215	2.521129	0.007021	9.4
471	-0.623851	72.813248	2.545584	0.007586	9.7
472	-0.631129	71.913577	2.570232	0.006080	9.6
473	-0.614772	72.913512	2.542866	0.006217	10.0
474	-0.629860	72.971927	2.541285	0.008909	9.8
475	-0.629745	73.971354	2.514542	0.006359	9.6
476	-0.622563	74.528158	2.499886	0.006501	9.2
477	-0.635617	75.512372	2.474392	0.007699	9.1
478	-0.619293	76.503066	2.449251	0.008969	9.7
479	-0.612556	77.479552	2.424965	0.010194	10.1
480	-0.618164	78.455543	2.401168	0.006906	10.0
481	-0.620414	79.455530	2.377266	0.006136	9.2
482	-0.624560	78.623311	2.397125	0.011700	9.0
483	-0.628098	77.710334	2.419296	0.008232	9.1
484	-0.620925	77.330105	2.428651	0.006309	9.3
485	-0.617291	78.321533	2.404408	0.011268	9.0
486	-0.610203	77.408571	2.426714	0.004626	8.8
487	-0.618920	78.395744	2.402613	0.007520	8.7
488	-0.621543	79.267269	2.381729	0.008067	8.9
489	-0.631622	80.267263	2.358210	0.007412	9.1
490	-0.610181	79.432084	2.377821	0.005362	9.2
491	-0.625248	78.519206	2.399632	0.008098	9.7
492	-0.612768	78.912900	2.390177	0.009105	10.3
493	-0.620787	77.999923	2.412219	0.008092	10.2
494	-0.620479	77.086950	2.434671	0.006381	9.6
495	-0.616628	76.480827	2.449810	0.006708	10.8
496	-0.627846	75.999582	2.461964	0.013091	11.5
497	-0.629743	75.092289	2.485210	0.011278	12.1
498	-0.618943	74.257922	2.506978	0.006610	10.4
499	-0.635344	73.344945	2.531238	0.004893	10.0
